version https://git-lfs.github.com/spec/v1
oid sha256:dc3a53b90e523b4abd07aa2957275119e303d82264e7ee663528b6e7ec9722c8
size 26085
